1 0.21148989898989898 0.2646484375 0.018899936868686868 0.015594482421875
1 0.21148989898989898 0.24658203125 0.018899936868686868 0.012725830078125
0 0.21085858585858586 0.3251953125 0.020221748737373736 0.0156097412109375
1 0.18181818181818182 0.42138671875 0.022727272727272728 0.0185394287109375
1 0.3446969696969697 0.49267578125 0.022727272727272728 0.014678955078125
1 0.3440656565656566 0.474609375 0.020202020202020204 0.0166015625
1 0.3446969696969697 0.61474609375 0.020162563131313132 0.013671875
1 0.3440656565656566 0.59716796875 0.021464646464646464 0.015625
0 0.18244949494949494 0.6318359375 0.023970170454545456 0.017578125
0 0.18055555555555555 0.8125 0.022707544191919192 0.0175628662109375
1 0.3143939393939394 0.8642578125 0.022707544191919192 0.0156097412109375
0 0.31376262626262624 0.8466796875 0.018978851010101012 0.015655517578125
1 0.18118686868686867 0.89794921875 0.021464646464646464 0.0185546875