1 0.21148989898989898 0.2646484375 0.018899936868686868 0.015594482421875
1 0.21148989898989898 0.24658203125 0.018919665404040404 0.0127105712890625
0 0.21085858585858586 0.3251953125 0.020221748737373736 0.0156097412109375
1 0.18181818181818182 0.42138671875 0.022727272727272728 0.018524169921875
1 0.3446969696969697 0.49267578125 0.022727272727272728 0.0146636962890625
1 0.3440656565656566 0.474609375 0.020202020202020204 0.0166015625
1 0.3446969696969697 0.61474609375 0.020182291666666668 0.013671875
1 0.3440656565656566 0.59716796875 0.021464646464646464 0.015625
0 0.18244949494949494 0.6318359375 0.023970170454545456 0.017578125
0 0.18055555555555555 0.8125 0.022687815656565656 0.017547607421875
1 0.3143939393939394 0.8642578125 0.022707544191919192 0.0156097412109375
0 0.31376262626262624 0.8466796875 0.018959122474747476 0.0156402587890625
1 0.18118686868686867 0.89794921875 0.021464646464646464 0.0185546875