1 0.24116161616161616 0.26220703125 0.019570707070707072 0.01513671875
1 0.24116161616161616 0.244140625 0.020833333333333332 0.0146484375
1 0.38952020202020204 0.244140625 0.020833333333333332 0.01318359375
1 0.4930555555555556 0.244140625 0.020833333333333332 0.0146484375
1 0.6123737373737373 0.244140625 0.021464646464646464 0.01611328125
1 0.7866161616161617 0.24462890625 0.01893939393939394 0.015625
1 0.10606060606060606 0.4384765625 0.022095959595959596 0.01708984375
1 0.24116161616161616 0.5361328125 0.020833333333333332 0.01708984375
1 0.24116161616161616 0.5048828125 0.020833333333333332 0.015625
1 0.13636363636363635 0.66943359375 0.020833333333333332 0.0166015625
0 0.10606060606060606 0.62060546875 0.020202020202020204 0.0166015625
0 0.7304292929292929 0.2431640625 0.020833333333333332 0.01708984375