1 0.24116161616161616 0.26220703125 0.020182291666666668 0.0146636962890625
1 0.24116161616161616 0.244140625 0.020241477272727272 0.0146484375
1 0.38952020202020204 0.244140625 0.021425189393939392 0.013641357421875
1 0.4930555555555556 0.244140625 0.021444917929292928 0.0146484375
1 0.6123737373737373 0.244140625 0.021464646464646464 0.0156402587890625
1 0.7866161616161617 0.24462890625 0.01893939393939394 0.015625
1 0.10606060606060606 0.4384765625 0.022687815656565656 0.017547607421875
1 0.24116161616161616 0.5361328125 0.020241477272727272 0.017547607421875
1 0.24116161616161616 0.5048828125 0.020221748737373736 0.015625
1 0.13636363636363635 0.66943359375 0.020221748737373736 0.0166015625
0 0.10606060606060606 0.62060546875 0.020202020202020204 0.0166015625
0 0.7304292929292929 0.2431640625 0.021444917929292928 0.0175628662109375