1 0.05893416927899686 0.4150390625 0.023824451410658306 0.0185546875
1 0.11786833855799372 0.486328125 0.0225705329153605 0.015655517578125
1 0.11724137931034483 0.5048828125 0.021336206896551725 0.0166015625
1 0.11849529780564264 0.5419921875 0.018808777429467086 0.0156402587890625
1 0.11786833855799372 0.56005859375 0.02008228840125392 0.0165863037109375
1 0.060815047021943576 0.580078125 0.021316614420062698 0.0175628662109375
1 0.11786833855799372 0.63330078125 0.02008228840125392 0.015625
1 0.11536050156739812 0.744140625 0.020101880877742947 0.015625
1 0.11473354231974922 0.7978515625 0.018808777429467086 0.0166015625
1 0.11473354231974922 0.76123046875 0.018828369905956113 0.0146636962890625
1 0.11536050156739812 0.81640625 0.02006269592476489 0.015625