1 0.2381852551984877 0.2470703125 0.017643352236925015 0.0136871337890625
1 0.38500315059861373 0.2470703125 0.017643352236925015 0.0136871337890625
1 0.4864524259609326 0.2470703125 0.017643352236925015 0.013671875
1 0.6042848141146818 0.2470703125 0.018883900441083807 0.013671875
1 0.720226843100189 0.24755859375 0.017643352236925015 0.0146484375
1 0.7763074984247007 0.24755859375 0.01890359168241966 0.013671875
1 0.23881537492123503 0.2646484375 0.018883900441083807 0.0136871337890625
1 0.10459987397605545 0.439453125 0.017663043478260868 0.0146484375
1 0.2381852551984877 0.50537109375 0.017643352236925015 0.015625
1 0.2381852551984877 0.5361328125 0.015162255828607436 0.0126953125
1 0.10459987397605545 0.619140625 0.017643352236925015 0.0136566162109375
1 0.1348456206679269 0.66796875 0.017643352236925015 0.013671875